# 1000
238 568
38 791
933 566
373 440
176 140
966 207
332 723
743 582
508 834
804 76
331 48
923 703
980 347
236 310
234 835
371 367
432 592
779 131
502 724
287 762
167 64
372 964
202 162
412 417
167 64
425 249
356 412
697 409
258 748
112 114
442 825
299 97
304 698
325 561
366 387
209 283
996 737
55 80
244 537
871 580
571 9
887 345
246 116
259 697
87 906
954 980
558 848
262 263
496 314
948 224
260 170
674 838
822 765
738 654
530 383
724 717
195 518
724 69
139 998
904 219
387 291
317 48
621 919
768 180
714 364
812 651
871 572
493 521
911 11
523 237
175 389
283 839
605 806
211 396
822 103
59 195
550 138
760 536
540 177
513 410
657 415
553 775
947 300
301 457
157 792
188 380
111 285
36 766
957 978
24 164
73 917
812 554
344 578
543 929
911 237
158 625
717 703
655 238
488 531
703 427
983 79
903 579
564 797
339 537
524 684
964 208
332 795
318 161
451 28
996 819
784 870
577 694
956 543
135 476
520 627
552 834
154 203
879 140
738 166
859 296
736 402
217 523
199 68
555 657
161 336
66 912
890 490
107 493
839 608
18 88
952 774
822 526
966 558
440 450
206 737
244 150
244 849
680 970
272 360
955 378
703 178
536 687
819 965
276 936
246 598
123 999
10 83
608 958
347 819
15 157
514 112
542 501
503 23
825 13
812 576
389 894
720 208
426 227
668 240
522 730
254 782
642 896
764 611
732 206
336 151
569 765
481 370
848 347
371 370
622 990
744 102
20 621
394 465
65 698
632 280
408 351
181 915
25 461
222 842
465 329
472 933
943 132
715 853
699 58
230 588
6 421
482 677
522 54
713 529
340 996
62 822
812 743
409 45
662 882
520 97
861 577
567 481
637 385
833 18
699 128
130 549
405 852
97 471
154 80
378 935
621 53
471 455
617 244
468 688
869 148
687 391
206 947
376 272
503 742
889 861
889 392
445 857
806 730
309 849
203 898
863 344
863 296
8 504
383 229
894 890
674 637
488 229
78 586
663 182
876 742
506 396
348 221
556 536
883 822
814 323
292 33
112 955
379 781
881 241
506 974
360 659
899 480
861 849
522 543
162 212
625 392
218 711
539 190
46 340
667 656
441 201
47 952
385 689
798 470
238 904
373 254
565 286
53 218
426 394
837 370
932 234
629 715
521 84
893 716
923 201
274 508
646 426
627 770
749 610
687 182
6 40
998 150
407 40
514 235
578 541
480 67
602 233
182 217
123 673
124 170
356 296
180 423
833 102
624 561
707 113
360 693
190 656
647 586
915 737
521 490
665 59
575 874
19 550
822 757
912 259
790 962
433 251
545 765
6 221
815 762
481 355
352 509
125 695
954 88
452 701
461 17
746 818
546 421
783 638
84 332
120 573
590 99
438 970
91 806
262 68
290 180
431 450
82 785
185 322
28 267
696 587
962 725
429 727
355 707
181 812
685 270
204 670
897 710
147 596
34 852
602 831
433 89
126 912
177 913
452 530
37 518
877 598
280 974
299 128
856 447
12 512
628 334
926 890
34 56
648 94
556 402
589 893
272 930
552 850
983 272
840 561
794 450
794 571
493 441
413 123
765 251
814 561
733 234
145 867
781 499
172 970
339 840
325 320
689 109
972 422
746 628
177 641
822 532
99 451
992 770
397 340
735 161
973 935
97 53
815 114
629 952
451 620
644 169
271 36
996 389
922 44
972 705
742 540
413 470
347 630
777 504
606 649
57 26
237 529
980 78
689 676
265 301
94 799
442 271
390 197
375 383
864 843
461 409
762 435
168 795
321 680
46 805
879 311
465 238
123 439
610 549
228 342
802 294
478 724
94 208
127 250
675 643
968 877
515 217
363 603
534 182
121 956
595 464
368 74
553 298
715 232
422 809
225 930
237 412
664 314
89 61
720 183
82 847
550 599
828 222
481 421
824 992
525 580
508 683
958 709
312 748
355 730
218 370
626 135
660 203
832 42
319 793
344 472
141 582
654 78
543 342
229 184
225 532
126 306
659 158
756 484
278 937
739 799
754 388
63 445
692 595
732 928
422 661
586 213
652 233
268 479
993 183
219 246
298 539
723 757
504 933
175 86
790 141
892 638
254 47
595 621
666 680
655 163
660 652
748 952
924 452
701 286
613 73
343 970
462 390
496 553
683 550
94 477
865 531
554 68
347 355
157 246
43 470
429 848
859 462
492 698
891 746
588 789
528 744
512 994
971 531
448 805
914 977
599 198
186 483
446 338
931 847
209 843
568 124
930 377
894 504
309 638
593 646
51 321
321 182
849 320
872 629
607 495
698 827
807 610
698 745
941 917
468 705
98 49
666 154
608 943
224 456
318 33
522 983
501 749
468 134
843 715
460 950
509 236
314 353
275 576
328 941
620 808
193 776
628 368
573 96
546 666
984 838
908 812
329 759
582 716
961 777
955 928
716 455
446 907
621 743
487 92
305 932
237 852
759 15
334 982
707 158
522 865
122 136
701 355
396 110
764 143
595 46
185 224
233 120
981 666
164 181
926 347
606 517
560 542
808 826
961 133
777 338
605 944
88 945
351 969
768 880
76 482
438 121
97 737
133 982
239 848
71 214
224 736
6 990
623 843
958 820
659 567
130 521
761 417
576 660
678 554
952 279
487 219
976 577
796 136
472 405
458 238
259 886
902 306
244 36
861 510
725 480
371 552
837 39
982 555
813 199
628 958
76 146
431 139
429 691
365 108
629 66
320 220
437 166
180 151
808 479
646 415
870 237
942 949
19 210
437 168
903 257
571 529
918 307
975 838
750 412
261 158
189 171
544 310
413 164
382 239
819 379
716 374
665 459
427 867
904 350
136 12
718 596
426 356
288 533
132 990
792 493
166 229
813 383
252 568
196 623
413 190
549 973
997 980
595 844
108 368
132 754
619 325
844 879
124 699
278 593
820 872
160 271
790 630
591 984
605 381
406 205
823 489
31 969
324 943
974 728
718 751
794 152
166 995
73 527
896 112
884 908
964 640
230 628
143 786
391 753
203 139
479 57
953 644
298 678
546 427
999 802
372 892
703 140
17 850
946 118
895 761
473 297
241 857
846 589
755 310
690 67
764 274
175 163
660 784
725 508
541 895
719 741
704 159
417 75
124 588
856 817
659 425
631 327
975 778
199 101
351 875
400 727
564 189
889 983
128 194
993 288
612 958
438 236
715 390
489 954
914 824
188 351
889 698
862 757
672 889
373 458
491 420
172 4
149 563
258 873
256 302
160 959
784 727
39 946
822 434
456 759
574 777
19 4
75 876
659 581
698 196
73 890
665 165
702 411
822 534
571 798
136 598
345 96
496 173
733 855
621 764
77 773
356 74
865 159
446 39
430 167
608 775
24 816
337 935
509 694
389 260
482 822
103 998
531 786
183 979
742 537
847 654
291 375
401 193
982 872
753 819
795 996
612 65
551 252
459 318
720 547
684 362
522 884
876 148
976 354
258 411
393 834
56 423
433 803
582 31
714 977
384 368
744 496
692 430
831 885
929 120
323 553
359 741
911 368
273 172
740 434
985 685
154 449
495 242
175 390
869 101
395 233
312 8
151 477
860 460
321 295
519 651
428 841
446 281
169 945
16 358
821 886
747 335
85 937
700 12
707 776
710 856
299 2
378 81
164 661
58 533
866 858
745 321
1 971
184 925
34 212
114 290
413 68
210 93
219 617
280 810
663 585
933 648
142 960
398 484
950 810
213 133
972 785
213 52
593 542
620 632
176 608
326 914
767 946
878 766
365 891
427 390
278 87
672 806
636 352
607 397
301 954
921 418
772 840
900 9
559 15
479 711
211 117
208 55
174 559
548 622
845 471
620 268
288 319
800 353
591 270
941 706
613 210
290 540
151 211
912 144
260 272
800 39
520 261
245 868
555 328
157 774
645 17
40 857
64 189
398 848
74 475
635 614
720 709
416 228
555 36
187 62
757 383
848 653
362 874
561 733
166 714
520 76
505 688
195 176
489 48
732 853
106 252
672 940
93 113
17 112
977 101
658 699
493 106
788 221
800 157
713 89
920 726
468 14
421 100
248 629
69 234
252 534
427 800
550 621
904 231
693 315
613 187
375 315
462 607
635 894
912 528
64 718
817 770
876 108
84 196
553 342
784 91
114 892
796 655
887 889
454 233
349 783
702 583
81 308
366 899
966 39
814 748
243 954
990 350
91 312
742 522
900 572
183 960
714 114
352 651
356 655
459 963
252 886
29 260
748 341
262 509
913 344
980 841
184 356
865 120
249 926
980 421
965 680
202 644
755 568
522 916
454 575
708 850
234 760
621 199
569 290
199 865
915 809
366 289
246 297
931 776
989 501
938 630
466 172
239 840
317 907
980 400
603 309
573 913
541 907
103 387
904 499
334 905
742 113
827 19
919 18
627 304
61 260
448 791
532 307
954 52
457 824
155 444
80 477
895 366
827 552
237 968
689 861
50 410
291 856
343 676
607 604
841 67
330 511
593 369
770 769
312 469
