7504801
8042447
9902740
7796628
4326955
1071229
8559814
2379708
8710013
2345678
7957923
1727130
1145888
424131
5318509
9873235
7644505
5523132
4809324
6186086
7474175
2943078
1051080
4964803
9425260
9638808
1726777
3674555
7455607
5766766
1621896
4435017
6781277
857389
1409970
1942497
5743694
2345679
4546876
1132956
7114396
6053683
4748517
9582539
4891171
4390840
4700399
2894222
9094422
918282
3883914
6133633
1590195
4147724
9703005
754030
546366
9450713
1456179
4389911
9771081
376225
1122687
400653
1887610
4007397
8418006
5110048
1067351
8796408
122598
3314542
2345680
5474734
5299229
6822459
5654947
356724
8687984
6538420
4904363
5637617
4304422
5921631
8973390
3132852
65151
2523679
1666212
6313698
2126437
4750900
2336713
464960
4545276
2998371
7338862
2323709
5858698
7866995
7941980
8653673
9225889
3302132
4153353
7868162
6889063
9181661
1283194
35071
2882819
6133325
7542061
8380725
158067
5175659
6478420
9755032
9585432
6153738
7644090
2428603
8664356
1880478
2517924
7063220
7187969
9396125
2345681
730219
5600121
5823053
941147
4447051
9329783
3919934
2345682
1860530
8999363
1628806
7950323
425921
2077320
660496
7546120
6714266
6281771
1478333
6468557
4326042
8840617
5917027
230963
6297423
8575056
4113035
6150170
3856168
9697159
9424721
4922170
9917309
7198532
3585011
1851134
8804547
3755895
4456273
2955500
3341472
7190765
446530
3567391
6677391
5694225
8898128
3496718
8995802
5264111
574390
3348893
8599196
100779
8746773
1165166
2772137
2068928
9324472
7197155
6295210
9756788
7970389
7332255
4515677
1150316
1211818
2454140
3476368
6488870
1181173
1852700
1762518
9480152
7811520
3690295
7447008
5726039
2345683
4486305
8797622
6947271
9075757
2345684
2345685
8393750
2345686
7768110
5603535
4688584
5762280
9909024
3209321
6277791
9867369
5584723
3770164
4643946
3169655
9811488
9071246
9490841
363932
2345687
8935925
5217601
8874590
9927981
2763031
7174493
4956221
5090313
1830575
429000
9666639
2308825
3890844
5069575
7746054
1039989
2490046
2435809
5375616
3480574
916379
6087557
7290481
266757
4713582
9811933
9787016
4046822
7292771
2345688
3790702
2345689
333502
2345690
1340762
850646
4385785
989995
2345691
2837855
5367895
8564559
8808589
7206512
9500599
3864964
4492288
6255476
2626568
9398519
9645386
9209451
9834486
3119375
9647710
8342076
7840544
4482779
2345692
8629317
5675717
2345693
6782066
7719385
8885441
1864724
7549342
5397940
8668984
9511082
1383913
8182428
169030
4968679
6945592
5196990
3467678
2345694
1493530
6059431
6753292
7877710
7914318
154359
3593303
101894
5972779
9371634
5281288
5432931
3856315
3156876
4822371
2997847
8710617
5550858
1279142
3033128
9054000
8787168
1921064
4403875
7709609
6972620
4903467
3517512
1209139
6392478
7047996
8581320
498722
6062604
9704536
1014413
8217042
3293258
645371
2748572
2345695
4234323
1475512
4138733
9372506
8639338
8138860
2252692
2345696
1415759
6758045
3420964
3702847
921496
8266507
7101532
5128726
5422806
3074567
350583
623307
2345697
1356975
3489113
4022677
2937337
5457568
7916646
610169
4181569
8377444
2345698
6645499
6347682
6346193
5028381
6086882
2345699
4071480
2255338
7735165
3209362
8420455
9698601
5218514
7298153
2345700
1743699
2988118
7583860
2443387
8372746
3809837
1585748
5855867
8119026
7113669
5013265
4681437
1286369
3002368
4110380
9721818
5449000
3722501
5388593
973424
6233875
2965670
2767210
843024
6436345
3494599
469591
7018371
5631327
5278228
2416633
483617
615967
9571901
5313849
6952509
4256135
9193212
3145963
9338087
6607893
1620999
5373024
4785798
7546434
9484446
9764643
2267653
4558794
2511201
2345701
5768238
2842970
6067879
3040795
3689109
7404932
4053249
3722719
7256314
2345702
8093892
5686901
9436441
2089321
744033
748746
1149873
7942117
7705736
8602456
3415539
4365932
2962585
7447950
2469746
9467543
1159422
5381384
9872309
3323738
3562694
4081550
1146433
2651135
7500376
5592036
4594508
4263429
4307428
6329071
6590156
7759497
7492164
9837592
867597
1059596
1090891
1273123
7112596
4643248
2345703
2104658
8504942
1641198
9392529
3113785
8770638
1295193
9472611
7407899
6772668
2723136
3909285
2870420
702408
4413499
6872967
5238488
4529472
2421730
8810925
8828730
6525947
6852680
6494532
1824216
3401727
1886927
7563853
6990862
3870812
9345220
4117011
6709050
2314164
9584036
3768705
3286376
6612925
6376640
2041695
1659965
4196464
4357820
6957065
1801895
6882984
8596809
5253470
2408859
8186063
5911746
9792589
5787236
6418745
6650334
9397396
6237365
3147491
3835208
5621869
695853
9331488
3808823
5765173
912366
828544
8811536
7820328
1017385
856976
2345704
986809
2980036
9473613
2345705
4878490
5160136
9161234
631382
1622802
5926211
1214480
2201856
7673902
5141294
9771442
2046631
6352143
1210908
9058892
9011537
2345706
342701
4702261
6071889
951460
7684797
1797222
471982
8915541
7089983
847912
8460420
3760612
7395449
7647538
6480740
3504961
8312866
4710315
6663057
1830046
8291166
9959388
9511365
4086557
44473
3033592
792376
445225
6830202
796606
2805676
5222220
4017426
1415261
2451252
1223447
2345707
719469
2345708
9328986
8114563
5464430
1308605
6478371
6776631
5586501
983361
9719399
2345709
1577290
1805149
47539
3465108
3696245
6624952
7390041
3212910
6900240
4871965
7278240
6040289
9089310
6829502
503541
7408168
550944
2044697
9367001
4884281
9331014
2227557
8009385
7124434
667631
1856193
9748034
5995293
8594928
1628948
1348823
714736
4356960
890402
2725944
7153386
9367633
5207126
689207
3771016
110752
4380337
7048008
8054106
8595011
4356458
4633046
3775890
4761914
3732916
9611351
9917832
6590371
1855318
4847119
6671531
9549851
863503
2345710
2582643
9524735
8467773
9556933
9603477
2365691
1722943
5049330
9588517
8819581
2345711
2351858
6597175
5747640
3899923
9126651
4260680
3262371
8261008
5246239
6425079
2696757
5681457
334175
2299903
2165170
2610196
7441805
4422115
4883485
6454321
5318755
8887581
386664
9808355
3736680
2507315
315245
830233
9890251
2345712
8537898
9221141
9026319
4169449
35392
1377606
9141666
6633336
4192038
1458092
7841667
3674454
5923863
7342684
9266674
366019
2418479
1763255
2345713
1252477
4169820
2345714
8769831
6734909
6461602
8906915
8902854
8522346
1486601
1715021
9264822
2345715
2345716
8211225
1159021
911283
3639298
9501669
8556012
8637902
9997975
9842574
9423502
6327662
8355261
3957721
1198647
3624382
8895142
6003478
6952150
2345717
7187859
9960718
4233005
4583530
2911917
3156827
2345718
2652448
3403792
5607301
8287801
8054993
3833734
7915291
1012075
37204
5464281
9578751
6748178
8640907
9668783
7728700
4644117
7643989
8170442
3558414
8183577
9289072
9308096
2212
3521426
7782059
6043150
9583811
9730813
7184649
3892779
5778071
2218268
2029987
6007724
4716257
1627662
5758184
8208713
6613791
3180853
2898529
8953725
7910798
5592269
5817786
2345719
5789550
4446661
5809055
2240189
6469279
2243701
1313254
1024709
7477628
6190046
3145337
7716618
1959349
5258947
7739983
4163494
6689
39454
4636517
2330015
7982223
2461677
3690449
7417641
1853728
7611563
829063
2345720
4672017
6538080
8561085
3100603
1496489
7207644
8905525
3050406
7309456
575095
1922375
7053101
4759172
117477
2607912
9113387
8932777
6116326
2559959
3198830
5784233
476117
523487
1666810
9328634
3930991
7694579
4690137
263103
5118829
9490805
2684788
5285830
191177
5388663
7463981
2058622
2379510
2383807
8125943
9494663
3252745
5647372
4528476
6852017
1277896
2031770
4611612
7974731
8735180
8221917
1800342
8947224
5040885
5532940
5252623
8413980
3095706
7622958
8813570
9865374
5403271
5719653
4194926
4301824
8392972
8351894
119619
9862246
6633216
2345721
1954427
2239147
3435633
5857876
5699448
6001517
727759
1563143
6111307
2307991
2345722
1228317
1207706
2916601
7723688
7518220
4434152
3883755
7389950
120760
1369383
4893905
7569078
6871103
4214
1772710
8800802
8943873
2349249
410305
2500810
1450379
410091
57641
71809
3795408
1414371
2757661
1373384
1228218
5583170
3534434
3133238
2345723
4710042
2887175
2345724
5064671
1344119
9122417
3576965
2345725
6469423
3106423
2345726
